Gid Post Results File 1.0 
### 
# MAT_FEM  V.1.0 
# 
Result "Displacements" "Load Analysis"  1  Vector OnNodes 
ComponentNames "X-Displ", "Y-Displ", "Z-Displ" 
Values 
     1         00000         00000 
     2         00000         00000 
     3         00000         00000 
     4   6.71764e-05  -1.49087e-05 
     5         00000         00000 
     6   1.06399e-04  -3.26370e-05 
     7         00000         00000 
     8   7.98424e-05  -3.54308e-07 
     9   1.68806e-04  -1.55816e-05 
    10         00000         00000 
    11         00000         00000 
    12   2.44214e-04  -2.98131e-05 
    13   1.65427e-04   1.46416e-05 
    14   2.57703e-04  -3.02608e-05 
    15   3.02129e-04  -1.06234e-07 
    16   6.79767e-05   1.25347e-05 
    17   4.33055e-04  -1.32090e-05 
    18         00000         00000 
    19         00000         00000 
    20   1.08250e-04   2.33708e-05 
    21   4.95971e-04   7.92985e-06 
    22   2.04347e-04   3.65986e-05 
    23   4.30501e-04   1.56031e-05 
    24   6.52823e-04   8.94933e-07 
    25         00000         00000 
    26         00000         00000 
    27   5.29878e-04   9.30218e-05 
    28         00000         00000 
    29   2.44789e-04   3.17317e-05 
    30         00000         00000 
    31   7.86176e-04   5.39633e-05 
    32   4.97286e-04  -5.30796e-06 
    33         00000         00000 
    34   7.86714e-04  -5.19092e-05 
    35         00000         00000 
    36   5.29781e-04  -9.16533e-05 
    37         00000         00000 
End Values 
# 
Result "Reaction" "Load Analysis"  1  Vector OnNodes 
ComponentNames "Rx", "Ry", "Rz" 
Values 
     1        00000        00000 
     2 -1.41142e+01  6.06145e+00 
     3 -8.35478e+00  1.05531e+01 
     4        00000        00000 
     5 -9.30993e+00  7.13935e+00 
     6        00000        00000 
     7 -1.75630e+01  1.61989e+00 
     8        00000        00000 
     9        00000        00000 
    10 -2.24121e+01  1.56170e+01 
    11 -1.77601e+01 -1.42514e+00 
    12        00000        00000 
    13        00000        00000 
    14        00000        00000 
    15        00000        00000 
    16        00000        00000 
    17        00000        00000 
    18 -1.41005e+01 -5.91531e+00 
    19 -2.28931e+01  1.90137e+01 
    20        00000        00000 
    21        00000        00000 
    22        00000        00000 
    23        00000        00000 
    24        00000        00000 
    25 -5.52170e+01 -3.33564e+01 
    26        00000        00000 
    27        00000        00000 
    28 -7.84578e+00 -9.86818e+00 
    29        00000        00000 
    30 -9.99768e+00 -1.00474e+01 
    31        00000        00000 
    32        00000        00000 
    33 -2.24897e+01 -1.36727e+01 
    34        00000        00000 
    35 -2.27594e+01 -1.89219e+01 
    36        00000        00000 
    37 -5.51828e+01  3.32025e+01 
End Values 
# 
Result "Stresses" "Load Analysis"  1  Matrix OnNodes 
ComponentNames "Sx", "Sy", "Sz", "Sxy", "Syz", "Sxz" 
Values 
     1        00000        00000        00000      2  4.71694e+01  1.34323e+01 -1.16203e+01      3  3.70673e+01  2.23062e+01 -2.73132e+01      4  8.54009e+01  1.36753e+01 -2.04548e+01      5  7.13935e+00  3.56968e+01 -4.65496e+01      6  6.32573e+01  2.35335e+01 -4.46036e+01      7  9.09994e+01  1.35559e+01 -5.64278e+00      8  1.02712e+02  6.51311e+00  1.59723e-02      9  1.19799e+02  2.78251e-01 -1.58439e+01     10  5.76922e+01  3.92427e+01 -8.27570e+01     11  9.15911e+01  1.42001e+01  4.78143e+00     12  1.30921e+02  1.80897e+01 -5.43804e+01     13  1.15005e+02  2.32982e+00  1.78391e+01     14  1.28972e+02  3.07208e+01 -9.16167e+01     15  1.61140e+02  2.27579e+00  2.35805e+00     16  8.52613e+01  1.48980e+01  1.86717e+01     17  1.97248e+02  2.03750e+01 -3.30127e+01     18  4.75888e+01  1.28795e+01  1.10547e+01     19  9.04640e+01  4.50979e+00 -1.40569e+02     20  7.44108e+01  2.37027e+01  4.02632e+01     21  2.21200e+02  5.42806e+01 -6.87043e+01     22  1.10121e+02  2.30936e+01  5.65045e+01     23  1.97531e+02  2.07108e+01  3.44572e+01     24  2.57668e+02  7.28666e+01  1.40658e-02     25 -2.03485e+01 -1.01743e+02 -2.31821e+02     26        00000        00000        00000     27  1.37980e+02  1.19435e+01 -1.33710e+02     28  3.69306e+01  1.87354e+01  2.64354e+01     29  1.23364e+02  3.32061e+01  9.20615e+01     30  3.54675e+01  3.48630e+01  6.06348e+01     31  2.52039e+02  1.06163e+02 -3.11765e+01     32  2.20059e+02  5.48881e+01  6.87535e+01     33  4.87607e+01  4.34502e+01  9.42547e+01     34  2.52064e+02  1.06061e+02  3.08447e+01     35  8.69822e+01  6.36069e+00  1.41473e+02     36  1.37931e+02  1.34527e+01  1.33466e+02     37 -2.00492e+01 -1.00246e+02  2.31779e+02 End Values 
